ARMA_MAT_TXT_FN008
558 1
  -5.7705636715903976e-13
  -1.7616643249469125e-13
   3.7037040101495222e-13
   1.3216094885137863e-12
   1.1657341758564144e-12
   1.3642420526593924e-12
   1.3711254354120683e-12
   1.6662227153574349e-12
   1.9539925233402755e-12
   2.5011104298755527e-12
   3.4781066915456904e-12
   4.5190517994342372e-12
   4.4906300900038332e-12
   4.1922021409845911e-12
   3.7374547900981270e-12
   3.0340174816956278e-12
   2.2026824808563106e-12
   1.6520118606422329e-12
   9.8410168902773876e-13
   1.1366463326112353e-12
  -5.8264504332328215e-13
  -2.5579538487363607e-13
   3.8014036363165360e-13
   9.6633812063373625e-13
   1.2292389328649733e-12
   1.3429257705865894e-12
   1.2683187833317788e-12
   1.2221335055073723e-12
   1.4566126083082054e-12
   2.2595258997171186e-12
   3.3146818623208674e-12
   4.2916781239910051e-12
   4.3485215428518131e-12
   4.3516301673207636e-12
   3.4834357620638912e-12
   3.0304647680168273e-12
   2.3705482021796342e-12
   1.5183410084773641e-12
   8.1890050296351546e-13
   8.8606899595333743e-13
  -9.7877261850953801e-13
  -6.3593574850528967e-13
  -5.7037707890117417e-14
  -1.7585932710062480e-12
  -1.3500311979441904e-12
  -7.6383344094210770e-13
   3.2807992433880884e-12
  -1.3358203432289883e-12
   2.8119155766857806e-12
   2.0321522242738865e-12
   1.5134560271690134e-12
   4.3661602111555453e-12
   1.0209541545513900e-12
  -9.5212726591853425e-13
  -1.1484146966722619e-12
  -1.7941204077942530e-12
  -1.8829382497642655e-12
  -2.1334045641197008e-12
   2.4526977671079919e-12
  -2.1529444893531036e-12
   1.6214928705293730e-12
   2.0428103653102880e-13
   1.0360601265801961e-12
   4.5663264836015571e-12
   5.6474963594510541e-13
  -1.6280310433103296e-12
  -1.7103540805862849e-12
  -1.8687273950490635e-12
  -2.0783375020982930e-12
  -2.3376856006507296e-12
   1.1941558852868184e-12
  -2.0129453659478713e-12
   1.3443864077533618e-12
  -5.6912807799847087e-13
   1.1973755320582313e-13
   3.4382878488781188e-12
   7.4551996520622055e-13
  -1.5069889780505719e-12
  -1.6461398216760514e-12
  -2.4034108037085389e-12
  -2.4664714715072478e-12
  -2.6361135496699717e-12
   4.9382720135326963e-13
  -1.8645918142823348e-12
   4.2477132922158489e-13
  -1.5501350203450670e-12
  -3.5095537587181980e-13
   2.0092590785614206e-12
   7.7564343836655780e-13
  -1.0802608807480851e-12
  -1.2483295647180981e-12
  -2.7462476737127872e-12
  -2.6254554086335702e-12
  -2.6290081223123707e-12
  -4.5363712786183896e-13
  -2.3134827387139012e-12
  -4.4886316885595079e-13
  -1.4654943925052066e-12
  -6.0668137180641679e-13
   1.2573414531757976e-12
   3.4232339185535920e-13
  -7.4702743990684439e-13
  -1.0640776454406975e-12
  -2.3856472353145364e-12
  -2.6432189770275727e-12
  -2.4797941478027496e-12
  -8.5120799298010752e-13
  -2.4917845564687013e-12
  -1.0154099783221682e-12
  -1.3647971641717049e-12
  -5.5933035980615387e-13
   3.9712677590841849e-13
  -1.4505063816727670e-13
  -6.8135080910636248e-13
  -5.6945073656500256e-13
  -1.9877433032888803e-12
  -2.1866952693017083e-12
  -1.8784973576657649e-12
  -1.9326762412674725e-12
  -1.6049384043981263e-12
  -1.8178791805212313e-12
  -2.3696600237599341e-12
  -2.0308199566443363e-12
  -1.7639223415244487e-12
  -1.2654322034677534e-12
  -1.1266543253896089e-12
  -7.1587180627830094e-13
  -6.5103478164019180e-13
  -4.0767389464235748e-13
  -7.6383344094210770e-14
  -4.8627768478581856e-14
  -3.6626257582383914e-13
  -4.5885517607757720e-13
  -8.7813090132726757e-13
  -8.8018481392282411e-13
  -1.5192291868970642e-12
  -1.5685230891904212e-12
  -1.6529000390619331e-12
  -2.0570212200254900e-12
  -2.1920243398199091e-12
  -2.3092638912203256e-12
  -2.3521184999708566e-12
  -2.4884538873948259e-12
  -2.6472157799162233e-12
  -1.9975132659055816e-12
  -1.3971046541882970e-12
  -8.3133500083931722e-13
  -8.3044682241961709e-13
  -6.6568972556524386e-13
  -4.0056846728475648e-13
  -3.0331293032759277e-13
  -6.2005955925314993e-13
  -8.2667206413589156e-13
  -6.7901240186074574e-13
  -7.5986439362907277e-13
  -1.6369128275073308e-12
  -1.3891110484109959e-12
  -1.5418777365994174e-12
  -1.9033663534173684e-12
  -2.6147972675971687e-12
  -2.7826629889204924e-12
  -2.6574298317427747e-12
  -3.0615510127063317e-12
  -3.0553337637684308e-12
  -2.4789059693830495e-12
  -1.4481749133210542e-12
  -1.1193268534270828e-12
  -8.2955864399991697e-13
  -7.4407147110377991e-13
  -6.2838623193783860e-13
  -7.7404749276865914e-13
  -9.5967678248598531e-13
  -1.0789147353307271e-12
  -8.4410256562250652e-13
  -1.0741268985370311e-12
  -9.1082696940247843e-13
  -8.2867046558021684e-13
  -1.0293987884324451e-12
  -3.5171865420124959e-12
  -2.3048229991218250e-12
  -4.2073011741194932e-12
  -1.0956235918513357e-12
  -3.1352698215414421e-13
  -9.3658414357378206e-13
  -1.3898882045282335e-12
  -8.6428086909506874e-13
  -8.4362378194313692e-13
  -1.7141843500212417e-13
  -5.3290705182007514e-14
  -2.5401902803423582e-13
  -4.4910741792136832e-12
  -1.9638735082594394e-12
  -5.8693050419833526e-12
  -8.4754425699884450e-13
   5.5146165411912307e-13
  -1.0519363158323358e-12
  -1.7138929164772776e-12
  -1.3188269920583195e-12
  -9.0350990578080825e-13
   9.5923269327613525e-13
   8.4199314187571872e-13
   6.2705396430828841e-13
  -5.8344440390101227e-12
  -1.4188650254709501e-12
  -7.0207450963977180e-12
  -4.2198536331916614e-13
   1.0556191337718346e-12
  -1.8186563366384689e-12
  -2.6273080933059134e-12
  -1.5424987676038171e-12
  -9.2297003373431608e-13
   1.6157075677369903e-12
   1.4290790772975015e-12
   1.2825296380469808e-12
  -7.5739414739928179e-12
  -6.6541216980908757e-13
  -7.9419248955048261e-12
  -3.9322538281094666e-13
   1.7715672678830785e-12
  -1.9445911894622192e-12
  -2.8411818253984422e-12
  -2.3961106536407595e-12
  -2.3886444580102639e-12
   2.0093926522690708e-12
   2.1258550475522497e-12
   2.1431745267364022e-12
  -8.7334445231235236e-12
   3.9039257937467653e-13
  -9.2914200638949396e-12
  -4.8281517672776886e-13
   2.8172475203397385e-12
  -2.4806802933433764e-12
  -3.1526399194145224e-12
  -2.9142000769998011e-12
  -2.9165981018123774e-12
   2.2146728895222623e-12
   2.4158453015843406e-12
   2.3661073100811336e-12
  -1.0787706665460473e-11
   2.9774004442484348e-12
  -1.1329766009919584e-11
  -1.8070817737157741e-13
   4.0684333885761953e-12
  -2.7383900201116522e-12
  -4.6693299691981296e-12
  -2.7557123360091450e-12
  -3.2945250463801111e-12
   3.2999158960933528e-12
   3.0335733924857777e-12
  -3.7703134459358051e-12
   4.0245307086905768e-12
   3.6312619577927308e-12
   3.7474190417441378e-12
   4.0400530143536173e-12
   3.9527131567851370e-12
   3.1729749036535360e-12
   2.2877342381599775e-12
   2.6412804235431686e-12
   2.0179395128624641e-12
   1.0814766076555214e-12
  -4.8112609816325369e-14
  -1.0015487460909452e-12
  -1.9791495525926533e-12
  -2.7364229027902949e-12
  -3.6696473259593174e-12
  -4.1029071609126032e-12
  -4.9672511612947713e-12
  -4.8135106619817141e-12
  -4.2785511103310117e-12
  -4.4330213178211026e-12
   1.0000000000000334e+02
   1.0000000000000341e+02
   1.0000000000000355e+02
   1.0000000000000371e+02
   1.0000000000000364e+02
   1.0000000000000371e+02
   9.9999999999989143e+01
   9.9999999999990479e+01
   9.9999999999991985e+01
   9.9999999999992980e+01
   9.9999999999994245e+01
   9.9999999999995637e+01
   9.9999999999999602e+01
   1.0000000000000007e+02
   1.0000000000000068e+02
   1.0000000000000153e+02
   1.0000000000000243e+02
   1.0000000000000234e+02
   1.0000000000000352e+02
   1.0000000000000320e+02
   1.0000000000000304e+02
   1.0000000000000260e+02
   1.0000000000000263e+02
   1.0000000000000252e+02
   1.0000000000000308e+02
   1.0000000000000129e+02
   9.9999999999999957e+01
   9.9999999999998906e+01
   9.9999999999998110e+01
   9.9999999999997868e+01
   9.9999999999995509e+01
   9.9999999999994344e+01
   9.9999999999993264e+01
   9.9999999999992127e+01
   9.9999999999990635e+01
   9.9999999999988987e+01
   1.0000000000000250e+02
   1.0000000000000263e+02
   1.0000000000000253e+02
   1.0000000000000252e+02
   1.0000000000000259e+02
   1.0000000000000240e+02
   9.9999999999988347e+01
   9.9999999999989853e+01
   9.9999999999991644e+01
   9.9999999999992269e+01
   9.9999999999993221e+01
   9.9999999999994330e+01
   9.9999999999997925e+01
   9.9999999999998209e+01
   9.9999999999998977e+01
   9.9999999999999702e+01
   1.0000000000000111e+02
   1.0000000000000308e+02
   1.0000000000000153e+02
   1.0000000000000115e+02
   1.0000000000000075e+02
   1.0000000000000037e+02
   9.9999999999999957e+01
   9.9999999999999872e+01
   9.9999999999999801e+01
   9.9999999999999986e+01
   9.9999999999999659e+01
   9.9999999999999673e+01
   9.9999999999999488e+01
   9.9999999999999034e+01
   9.9999999999994728e+01
   9.9999999999993250e+01
   9.9999999999992511e+01
   9.9999999999991715e+01
   9.9999999999990052e+01
   9.9999999999988475e+01
   9.9999999999999460e+01
   9.9999999999999105e+01
   9.9999999999998991e+01
   9.9999999999998806e+01
   9.9999999999998437e+01
   9.9999999999998124e+01
   1.0000000000000438e+02
   1.0000000000000296e+02
   1.0000000000000178e+02
   1.0000000000000141e+02
   1.0000000000000087e+02
   1.0000000000000028e+02
   9.9999999999999361e+01
   9.9999999999999517e+01
   9.9999999999999829e+01
   9.9999999999999929e+01
   9.9999999999999787e+01
   9.9999999999999801e+01
   9.9999999999997641e+01
   9.9999999999997428e+01
   9.9999999999997158e+01
   9.9999999999997087e+01
   9.9999999999996803e+01
   9.9999999999996618e+01
   9.9999999999997272e+01
   9.9999999999997570e+01
   9.9999999999998124e+01
   9.9999999999997982e+01
   9.9999999999998380e+01
   9.9999999999998693e+01
   9.9999999999999986e+01
   1.0000000000000094e+02
   1.0000000000000136e+02
   1.0000000000000217e+02
   1.0000000000000310e+02
   1.0000000000000405e+02
   9.9999999999996206e+01
   9.9999999999995808e+01
   9.9999999999995723e+01
   9.9999999999995183e+01
   9.9999999999994884e+01
   9.9999999999994742e+01
   9.9999999999994998e+01
   9.9999999999996689e+01
   9.9999999999997172e+01
   9.9999999999997115e+01
   9.9999999999997627e+01
   9.9999999999998565e+01
   9.9999999999998977e+01
   9.9999999999998536e+01
   9.9999999999998153e+01
   9.9999999999998195e+01
   9.9999999999997456e+01
   9.9999999999997314e+01
   9.9999999999994600e+01
   9.9999999999994941e+01
   9.9999999999994941e+01
   9.9999999999995140e+01
   9.9999999999995424e+01
   9.9999999999995836e+01
   9.9999999999997172e+01
   9.9999999999997172e+01
   9.9999999999997257e+01
   9.9999999999997982e+01
   9.9999999999998607e+01
   9.9999999999998977e+01
   9.9999999999998508e+01
   9.9999999999997797e+01
   9.9999999999997371e+01
   9.9999999999996788e+01
   9.9999999999996419e+01
   9.9999999999994969e+01
  -9.9999999999999702e+01
  -9.9999999999999304e+01
  -9.9999999999999091e+01
  -9.9999999999998806e+01
  -9.9999999999998721e+01
  -9.9999999999998579e+01
  -9.9999999999996746e+01
  -9.9999999999997172e+01
  -9.9999999999998224e+01
  -9.9999999999999162e+01
  -9.9999999999999773e+01
  -1.0000000000000031e+02
  -1.0000000000000276e+02
  -1.0000000000000261e+02
  -1.0000000000000234e+02
  -1.0000000000000236e+02
  -1.0000000000000210e+02
  -1.0000000000000149e+02
  -9.9999999999998323e+01
  -9.9999999999998408e+01
  -9.9999999999998465e+01
  -9.9999999999998948e+01
  -9.9999999999999233e+01
  -9.9999999999999432e+01
  -1.0000000000000159e+02
  -1.0000000000000186e+02
  -1.0000000000000189e+02
  -1.0000000000000217e+02
  -1.0000000000000223e+02
  -1.0000000000000246e+02
  -1.0000000000000060e+02
  -9.9999999999999957e+01
  -9.9999999999998963e+01
  -9.9999999999998209e+01
  -9.9999999999997186e+01
  -9.9999999999996760e+01
  -9.9999999999999517e+01
  -9.9999999999999545e+01
  -9.9999999999999659e+01
  -9.9999999999999460e+01
  -9.9999999999999361e+01
  -9.9999999999999105e+01
  -9.9999999999997172e+01
  -9.9999999999997769e+01
  -9.9999999999998622e+01
  -9.9999999999999091e+01
  -9.9999999999999815e+01
  -1.0000000000000060e+02
  -1.0000000000000247e+02
  -1.0000000000000220e+02
  -1.0000000000000178e+02
  -1.0000000000000199e+02
  -1.0000000000000182e+02
  -1.0000000000000122e+02
  -9.9999999999998593e+01
  -9.9999999999998394e+01
  -9.9999999999997954e+01
  -9.9999999999997584e+01
  -9.9999999999997200e+01
  -9.9999999999996831e+01
  -9.9999999999997584e+01
  -9.9999999999999915e+01
  -1.0000000000000037e+02
  -1.0000000000000121e+02
  -1.0000000000000158e+02
  -1.0000000000000145e+02
  -1.0000000000000065e+02
  -9.9999999999999858e+01
  -9.9999999999999261e+01
  -9.9999999999998124e+01
  -9.9999999999997769e+01
  -9.9999999999997229e+01
  -9.9999999999996263e+01
  -9.9999999999995865e+01
  -9.9999999999995637e+01
  -9.9999999999995339e+01
  -9.9999999999995339e+01
  -9.9999999999995438e+01
  -9.9999999999998366e+01
  -9.9999999999998607e+01
  -9.9999999999999503e+01
  -1.0000000000000020e+02
  -1.0000000000000045e+02
  -1.0000000000000063e+02
  -1.0000000000000111e+02
  -1.0000000000000135e+02
  -1.0000000000000107e+02
  -1.0000000000000047e+02
  -9.9999999999999716e+01
  -9.9999999999997584e+01
  -9.9999999999994913e+01
  -9.9999999999994827e+01
  -9.9999999999995055e+01
  -9.9999999999995353e+01
  -9.9999999999995651e+01
  -9.9999999999996035e+01
  -9.9999999999995637e+01
  -9.9999999999995538e+01
  -9.9999999999996433e+01
  -9.9999999999997343e+01
  -9.9999999999998280e+01
  -9.9999999999998820e+01
  -1.0000000000000043e+02
  -1.0000000000000027e+02
  -9.9999999999999901e+01
  -9.9999999999999346e+01
  -9.9999999999998550e+01
  -9.9999999999998636e+01
  -9.9999999999996390e+01
  -9.9999999999996390e+01
  -9.9999999999996746e+01
  -9.9999999999997044e+01
  -9.9999999999997456e+01
  -9.9999999999997996e+01
  -9.9999999999998863e+01
  -9.9999999999999275e+01
  -9.9999999999999233e+01
  -9.9999999999999318e+01
  -9.9999999999999574e+01
  -9.9999999999999872e+01
  -9.9999999999998806e+01
  -9.9999999999997897e+01
  -9.9999999999997442e+01
  -9.9999999999996234e+01
  -9.9999999999995538e+01
  -9.9999999999995651e+01
  -9.9999999999998209e+01
  -9.9999999999998423e+01
  -9.9999999999998835e+01
  -9.9999999999999275e+01
  -9.9999999999999574e+01
  -9.9999999999999659e+01
  -1.0000000000000088e+02
  -1.0000000000000153e+02
  -1.0000000000000163e+02
  -1.0000000000000124e+02
  -1.0000000000000141e+02
  -1.0000000000000109e+02
  -9.9999999999999972e+01
  -9.9999999999999588e+01
  -9.9999999999999119e+01
  -9.9999999999999275e+01
  -9.9999999999999218e+01
  -9.9999999999998920e+01
