ARMA_MAT_TXT_FN008
558 1
   0.0000000000000000e+00
   0.0000000000000000e+00
   0.0000000000000000e+00
   0.0000000000000000e+00
   0.0000000000000000e+00
   0.0000000000000000e+00
   0.0000000000000000e+00
   0.0000000000000000e+00
   0.0000000000000000e+00
   0.0000000000000000e+00
   0.0000000000000000e+00
   0.0000000000000000e+00
   0.0000000000000000e+00
   0.0000000000000000e+00
   0.0000000000000000e+00
   0.0000000000000000e+00
   0.0000000000000000e+00
   0.0000000000000000e+00
   0.0000000000000000e+00
   0.0000000000000000e+00
   0.0000000000000000e+00
   0.0000000000000000e+00
  -8.5714285302391602e+01
  -1.0000000016428692e+02
  -1.0000000000064763e+02
  -9.9999999923600527e+01
  -1.0000000011975146e+02
  -9.9999999691529538e+01
  -1.0000000006468871e+02
  -9.9999999894881867e+01
  -9.9999999681849758e+01
  -1.0000000013145196e+02
  -1.0000000010485340e+02
  -9.9999999890024512e+01
  -1.0000000018137251e+02
  -1.0000000007207753e+02
  -9.9999999773961875e+01
  -9.9999999727758635e+01
  -8.5714285705150047e+01
   0.0000000000000000e+00
   0.0000000000000000e+00
  -6.2037037167351265e+01
  -6.2037036681612278e+01
   0.0000000000000000e+00
   0.0000000000000000e+00
  -6.6428571223850201e+02
  -6.6857142943589611e+02
  -6.6857142659306726e+02
  -6.6857142968897301e+02
  -6.6857142734827153e+02
  -6.6857143086073006e+02
  -6.6857142969833990e+02
  -6.6857142929657232e+02
  -6.6428570990913386e+02
   0.0000000000000000e+00
   0.0000000000000000e+00
   0.0000000000000000e+00
  -3.0714285803630645e+02
  -4.3928571444994412e+02
  -4.3928571364617505e+02
  -4.3928571389595095e+02
  -4.3928571403341465e+02
  -4.3928571359680490e+02
  -4.3928571367872576e+02
  -4.3928571497706423e+02
  -3.0714285611252450e+02
   0.0000000000000000e+00
   0.0000000000000000e+00
   0.0000000000000000e+00
  -2.0476190472975748e+02
  -3.7619047617405755e+02
  -3.7619047573238316e+02
  -3.7619047657585355e+02
  -3.7619047652365515e+02
  -3.7619047576209044e+02
  -3.7619047640996951e+02
  -3.7619047599085400e+02
  -2.0476190497996680e+02
   0.0000000000000000e+00
   0.0000000000000000e+00
   0.0000000000000000e+00
  -1.5357142807414823e+02
  -3.0714285730489945e+02
  -3.0714285683081323e+02
  -3.0714285732316534e+02
  -3.0714285723836196e+02
  -3.0714285681779074e+02
  -3.0714285703061364e+02
  -3.0714285683516556e+02
  -1.5357142810687333e+02
   0.0000000000000000e+00
   0.0000000000000000e+00
   0.0000000000000000e+00
  -1.2285714271780259e+02
  -2.4571428549546744e+02
  -2.4571428580683244e+02
  -2.4571428569411162e+02
  -2.4571428599448882e+02
  -2.4571428577032196e+02
  -2.4571428563946270e+02
  -2.4571428563556481e+02
  -1.2285714306149572e+02
   0.0000000000000000e+00
   0.0000000000000000e+00
   0.0000000000000000e+00
  -6.6666666985998489e+01
  -1.3333333348505246e+02
  -1.3333333315829222e+02
  -1.3333333294636998e+02
  -1.3333333329034707e+02
  -1.3333333378672276e+02
  -1.3333333334525614e+02
  -1.3333333372289530e+02
  -6.6666666277174343e+01
   0.0000000000000000e+00
   0.0000000000000000e+00
   0.0000000000000000e+00
   0.0000000000000000e+00
   1.8390994753471271e-07
   0.0000000000000000e+00
  -6.7120827901128035e-08
   0.0000000000000000e+00
   5.6700201809664758e-08
   0.0000000000000000e+00
  -9.9680532107669773e-08
   0.0000000000000000e+00
   2.4531473519321000e-07
   0.0000000000000000e+00
  -1.2588970187986214e-07
   0.0000000000000000e+00
   7.9194162801567825e-08
   0.0000000000000000e+00
  -1.6761556566591721e-07
   0.0000000000000000e+00
   0.0000000000000000e+00
   0.0000000000000000e+00
   0.0000000000000000e+00
   0.0000000000000000e+00
   0.0000000000000000e+00
   0.0000000000000000e+00
   0.0000000000000000e+00
   0.0000000000000000e+00
   0.0000000000000000e+00
   0.0000000000000000e+00
   0.0000000000000000e+00
   0.0000000000000000e+00
   0.0000000000000000e+00
   0.0000000000000000e+00
   0.0000000000000000e+00
   0.0000000000000000e+00
   0.0000000000000000e+00
   0.0000000000000000e+00
   0.0000000000000000e+00
   0.0000000000000000e+00
   0.0000000000000000e+00
   0.0000000000000000e+00
   0.0000000000000000e+00
   0.0000000000000000e+00
  -1.3017850102665939e-07
   0.0000000000000000e+00
  -5.8116770526642659e-09
   0.0000000000000000e+00
  -6.2951731245012708e-08
   0.0000000000000000e+00
   1.2731114468868542e-07
   0.0000000000000000e+00
  -1.3511196570989766e-07
   0.0000000000000000e+00
   1.7424125091605415e-07
   0.0000000000000000e+00
  -7.8043945256884876e-08
   0.0000000000000000e+00
   1.5359313087139903e-08
   0.0000000000000000e+00
   0.0000000000000000e+00
   0.0000000000000000e+00
   0.0000000000000000e+00
   6.6666666708253089e+01
   1.3333333353504725e+02
   1.3333333361348440e+02
   1.3333333303488939e+02
   1.3333333357538609e+02
   1.3333333322319322e+02
   1.3333333308009733e+02
   1.3333333333806127e+02
   6.6666666628820934e+01
   0.0000000000000000e+00
   0.0000000000000000e+00
   0.0000000000000000e+00
   1.2285714294332641e+02
   2.4571428564259026e+02
   2.4571428573412513e+02
   2.4571428582173294e+02
   2.4571428597468611e+02
   2.4571428566738973e+02
   2.4571428600470648e+02
   2.4571428552102952e+02
   1.2285714263424533e+02
   0.0000000000000000e+00
   0.0000000000000000e+00
   0.0000000000000000e+00
   1.5357142913410044e+02
   3.0714285722810450e+02
   3.0714285701438610e+02
   3.0714285773812981e+02
   3.0714285722719058e+02
   3.0714285707410357e+02
   3.0714285710957745e+02
   3.0714285703462588e+02
   1.5357142859124750e+02
   0.0000000000000000e+00
   0.0000000000000000e+00
   0.0000000000000000e+00
   2.0476190569916855e+02
   3.7619047619516743e+02
   3.7619047621122166e+02
   3.7619047660060522e+02
   3.7619047634685376e+02
   3.7619047679988631e+02
   3.7619047597566436e+02
   3.7619047568256417e+02
   2.0476190443080912e+02
   0.0000000000000000e+00
   0.0000000000000000e+00
   0.0000000000000000e+00
   3.0714285796216143e+02
   4.3928571373886120e+02
   4.3928571425361315e+02
   4.3928571409714340e+02
   4.3928571394450620e+02
   4.3928571416352366e+02
   4.3928571384109210e+02
   4.3928571425057527e+02
   3.0714285838581429e+02
   0.0000000000000000e+00
   0.0000000000000000e+00
   0.0000000000000000e+00
   6.6428570983275176e+02
   6.6857143080877700e+02
   6.6857142908580136e+02
   6.6857142896357686e+02
   6.6857142776455260e+02
   6.6857142628855888e+02
   6.6857143058037173e+02
   6.6857142828023598e+02
   6.6428571073468845e+02
   0.0000000000000000e+00
   0.0000000000000000e+00
   6.2037036769828731e+01
   6.2037036857642185e+01
   0.0000000000000000e+00
   0.0000000000000000e+00
   8.5714285477388955e+01
   1.0000000000656139e+02
   9.9999999979229543e+01
   9.9999999977078318e+01
   1.0000000000410093e+02
   9.9999999871092569e+01
   1.0000000007932147e+02
   1.0000000010537855e+02
   9.9999999985328728e+01
   1.0000000001935936e+02
   1.0000000012752761e+02
   9.9999999891799632e+01
   9.9999999838196942e+01
   1.0000000011645398e+02
   1.0000000039746341e+02
   9.9999999993535795e+01
   8.5714285259373156e+01
   0.0000000000000000e+00
  -1.3227513231600960e+02
  -2.8571428558833730e+01
  -2.8571428571665507e+01
  -2.8571428571665507e+01
  -2.8571428571475394e+01
  -4.2857142856357171e+01
  -2.7857142861790265e+02
  -2.0214285550518318e+02
  -1.7559523874488841e+02
  -1.5357142900513981e+02
  -1.2285714295285328e+02
  -1.5238095215177688e+02
  -1.5238095258645484e+02
  -1.2285714312560657e+02
  -1.5357142901858214e+02
  -2.0476190538479366e+02
  -3.0714285691695864e+02
  -5.8690475804008156e+02
  -4.2857142856357143e+01
  -2.8571428575681040e+01
  -2.8571428577273167e+01
  -2.8571428577273167e+01
  -2.8571428568974113e+01
  -4.2857142816115001e+01
  -2.7857142969598988e+02
  -2.0214285795283840e+02
  -1.7559523828627812e+02
  -1.5357142836908582e+02
  -1.2285714292962905e+02
  -1.5238095240142937e+02
  -1.5238095259185772e+02
  -1.2285714276720225e+02
  -1.5357142813362091e+02
  -1.7559523817812865e+02
  -2.0214285650184766e+02
  -2.7857143187770612e+02
  -4.2857142816114944e+01
  -2.8571428524688372e+01
  -2.8571428518225588e+01
  -2.8571428518225673e+01
  -2.8571428534891737e+01
  -4.2857142877334780e+01
  -2.7857143036159505e+02
  -2.0214285741532686e+02
  -1.7559523852869975e+02
  -1.5357142849023049e+02
  -1.2285714307401381e+02
  -1.5238095242196067e+02
  -1.5238095239774455e+02
  -1.2285714276912451e+02
  -1.5357142876891464e+02
  -1.7559523810074271e+02
  -2.0214285600815603e+02
  -2.7857142821767383e+02
  -4.2857142877334780e+01
  -2.8571428593008534e+01
  -2.8571428595714735e+01
  -2.8571428595714849e+01
  -2.8571428587685489e+01
  -4.2857142845396325e+01
  -2.7857143095300114e+02
  -2.0214285743101894e+02
  -1.7559523887262964e+02
  -1.5357142897235457e+02
  -1.2285714314969994e+02
  -1.5238095262245491e+02
  -1.5238095227285820e+02
  -1.2285714266882952e+02
  -1.5357142864214461e+02
  -1.7559523876652722e+02
  -2.0214285627375313e+02
  -2.7857142736891194e+02
  -4.2857142845396325e+01
  -2.8571428585379124e+01
  -2.8571428592639649e+01
  -2.8571428592639677e+01
  -2.8571428600261157e+01
  -4.2857142934689179e+01
  -2.7857142683040428e+02
  -2.0214285718981290e+02
  -1.7559523833901235e+02
  -1.5357142860358283e+02
  -1.2285714272986957e+02
  -1.5238095251527596e+02
  -1.5238095222704652e+02
  -1.2285714255480252e+02
  -1.5357142815142896e+02
  -1.7559523844419638e+02
  -2.0214285653112813e+02
  -2.7857142498072074e+02
  -4.2857142934689165e+01
  -2.8571428575882322e+01
  -2.8571428560134422e+01
  -2.8571428560134478e+01
  -2.8571428553444264e+01
  -4.2857142800060601e+01
  -2.7857142882430912e+02
  -2.0214285571670641e+02
  -1.7559523813086108e+02
  -1.5357142853537201e+02
  -1.2285714292872974e+02
  -1.5238095238901431e+02
  -1.5238095225632310e+02
  -1.2285714295375224e+02
  -1.5357142855763971e+02
  -1.7559523841096097e+02
  -2.0214285797407274e+02
  -2.7857142689148480e+02
  -4.2857142800060828e+01
  -2.8571428579853858e+01
  -2.8571428595347186e+01
  -2.8571428595347101e+01
  -2.8571428602750785e+01
  -4.2857142937442745e+01
  -2.7857142647654445e+02
  -2.0214285666466628e+02
  -1.7559523784654010e+02
  -1.5357142870000749e+02
  -1.2285714281320114e+02
  -1.5238095247588583e+02
  -1.5238095225342659e+02
  -1.2285714279021033e+02
  -1.5357142859944736e+02
  -1.7559523845379428e+02
  -2.0214285662166196e+02
  -2.7857143132902513e+02
  -4.2857142937442688e+01
  -2.8571428573211335e+01
  -2.8571428555961234e+01
  -2.8571428555961262e+01
  -2.8571428547606956e+01
  -1.3227513218243917e+02
  -5.8690475883385614e+02
  -3.0714285736456742e+02
  -2.0476190473395280e+02
  -1.5357142835336333e+02
  -1.2285714283723226e+02
  -1.5238095228443024e+02
  -1.5238095229947567e+02
  -1.2285714291998018e+02
  -1.5357142844592573e+02
  -1.7559523754243673e+02
  -2.0214285769147142e+02
  -2.7857143022994819e+02
   1.3227513213955035e+02
   2.8571428551590685e+01
   2.8571428559180902e+01
   2.8571428559180930e+01
   2.8571428556021345e+01
   4.2857142819814072e+01
   2.7857143162646207e+02
   2.0214285793115968e+02
   1.7559523837204335e+02
   1.5357142869917442e+02
   1.2285714283383010e+02
   1.5238095260945579e+02
   1.5238095244792632e+02
   1.2285714272890273e+02
   1.5357142849337771e+02
   2.0476190509691588e+02
   3.0714285776760966e+02
   5.8690475949761571e+02
   4.2857142819814129e+01
   2.8571428563134589e+01
   2.8571428568665283e+01
   2.8571428568665340e+01
   2.8571428577831540e+01
   4.2857142907995794e+01
   2.7857142656904932e+02
   2.0214285741548133e+02
   1.7559523804309643e+02
   1.5357142848431644e+02
   1.2285714305514207e+02
   1.5238095250864262e+02
   1.5238095221401608e+02
   1.2285714289670318e+02
   1.5357142844398118e+02
   1.7559523760082277e+02
   2.0214285627293862e+02
   2.7857142681183268e+02
   4.2857142907995808e+01
   2.8571428545594841e+01
   2.8571428525682933e+01
   2.8571428525682961e+01
   2.8571428536115008e+01
   4.2857142851116635e+01
   2.7857143256086806e+02
   2.0214285662819972e+02
   1.7559523856241245e+02
   1.5357142872216190e+02
   1.2285714263821542e+02
   1.5238095237577494e+02
   1.5238095232317943e+02
   1.2285714265830433e+02
   1.5357142866597124e+02
   1.7559523798568273e+02
   2.0214285649607584e+02
   2.7857142760915849e+02
   4.2857142851116578e+01
   2.8571428554373881e+01
   2.8571428550028173e+01
   2.8571428550028287e+01
   2.8571428542265892e+01
   4.2857142778467889e+01
   2.7857142445538045e+02
   2.0214285723050057e+02
   1.7559523905270035e+02
   1.5357142859930522e+02
   1.2285714264913469e+02
   1.5238095215278906e+02
   1.5238095233735044e+02
   1.2285714307866394e+02
   1.5357142843433164e+02
   1.7559523828026306e+02
   2.0214285627125992e+02
   2.7857142625667291e+02
   4.2857142778468003e+01
   2.8571428571906608e+01
   2.8571428589549242e+01
   2.8571428589549214e+01
   2.8571428584965588e+01
   4.2857142856822506e+01
   2.7857143169337240e+02
   2.0214285588317784e+02
   1.7559523848912437e+02
   1.5357142870566724e+02
   1.2285714267904251e+02
   1.5238095245460715e+02
   1.5238095255921201e+02
   1.2285714305383588e+02
   1.5357142853900615e+02
   1.7559523804125138e+02
   2.0214285712830616e+02
   2.7857143085452890e+02
   4.2857142856822520e+01
   2.8571428558160818e+01
   2.8571428553809454e+01
   2.8571428553809483e+01
   2.8571428566884407e+01
   4.2857142909163457e+01
   2.7857142812126233e+02
   2.0214285658844437e+02
   1.7559523908784456e+02
   1.5357142888852169e+02
   1.2285714293608167e+02
   1.5238095263685284e+02
   1.5238095237696535e+02
   1.2285714302241428e+02
   1.5357142842566509e+02
   1.7559523814453411e+02
   2.0214285579576719e+02
   2.7857142888008946e+02
   4.2857142909163585e+01
   2.8571428579035768e+01
   2.8571428570011278e+01
   2.8571428570011278e+01
   2.8571428558756651e+01
   4.2857142787489181e+01
   2.7857142781805169e+02
   2.0214285722284433e+02
   1.7559523731606470e+02
   1.5357142857401541e+02
   1.2285714314247872e+02
   1.5238095267551259e+02
   1.5238095218614953e+02
   1.2285714276224552e+02
   1.5357142826777903e+02
   1.7559523775687995e+02
   2.0214285584426062e+02
   2.7857143071031385e+02
   4.2857142787489238e+01
   2.8571428522938788e+01
   2.8571428522254052e+01
   2.8571428522254052e+01
   2.8571428530030005e+01
   1.3227513227530477e+02
   5.8690475832739992e+02
   3.0714285520153572e+02
   2.0476190445249316e+02
   1.5357142846243011e+02
   1.2285714265646106e+02
   1.5238095231504948e+02
   1.5238095219477364e+02
   1.2285714255202225e+02
   1.5357142856524851e+02
   1.7559523789242382e+02
   2.0214285817201693e+02
   2.7857143041146037e+02
