ARMA_MAT_TXT_FN008
558 1
   3.6637774828708389e-12
   3.1475485484395923e-12
   2.8386182293616002e-12
   2.9594104944408173e-12
   2.7458035845029372e-12
   3.0837554731988348e-12
   3.3435476609611214e-12
   3.6237679523765109e-12
   3.8617997688561445e-12
   4.2597037008818006e-12
   4.5972115003678482e-12
   4.5812242888132459e-12
   5.1016968427575193e-12
   6.0111915445304476e-12
   5.4996007747831754e-12
   6.1639582327188691e-12
   6.4481753270229092e-12
   6.2705396430828841e-12
   6.0786931044276571e-12
   6.3278271511535422e-12
   3.6095570976613089e-12
   3.3821834222180769e-12
   3.1654678878112463e-12
   3.0979663279140368e-12
   3.2400748750660568e-12
   3.3395508580724709e-12
   3.4390268410788849e-12
   3.3750779948604759e-12
   3.5456082514428999e-12
   3.8653524825349450e-12
   4.2028602820209926e-12
   4.5403680815070402e-12
   4.7606363295926712e-12
   5.3974602565176610e-12
   5.4871662769073737e-12
   5.7500670891386108e-12
   5.9849902811492939e-12
   6.1919358529394231e-12
   5.8348881282199727e-12
   5.7159832422826184e-12
   3.9550585029246577e-12
   3.7871927816013340e-12
   5.4276583227874653e-12
   4.1406877926419838e-12
   4.0678571622265736e-12
   4.4586556668946287e-12
  -1.1929762733231541e-12
   3.3963942769332789e-12
  -9.5856010845843387e-13
   3.5953462429461069e-12
   6.6719962887873407e-12
   1.9611534618491078e-12
  -5.0182774602447466e-13
   3.6450842344493140e-12
   3.6015634918840078e-12
   4.2721381987576024e-12
   4.2774672692758031e-12
   3.9115377603593515e-12
   2.2741530880665550e-13
   3.8218317399696389e-12
   2.2332222876508823e-13
   3.7170266864450241e-12
   5.7558402488666616e-12
  -5.0170978482810824e-13
  -2.1677416806031857e-12
   2.3568924589767448e-12
   2.4426571876290382e-12
   4.8352433168474818e-12
   4.7037929107318632e-12
   4.3520742565306136e-12
   1.4896278655029960e-12
   4.2951198153673431e-12
   9.6235866497984546e-13
   3.9376557570136583e-12
   4.7956916215952106e-12
  -1.8005284763145113e-12
  -2.4914462853908859e-12
   6.1019939101569776e-13
   5.6962941308302817e-13
   5.2189363941579359e-12
   4.9853454697768029e-12
   4.6194159608603513e-12
   2.4518165275821957e-12
   4.5355941225011520e-12
   1.5060591662674483e-12
   4.1404032979919236e-12
   3.9270080243181127e-12
  -1.8969409376623503e-12
  -2.6297575228539927e-12
  -9.3920357602250704e-13
  -5.9661130202837143e-13
   5.7216453797082067e-12
   5.5351279115711804e-12
   4.9524828682478983e-12
   3.2023272922288015e-12
   4.3238745917051347e-12
   1.8833823389741156e-12
   3.6817771054131754e-12
   3.3958391654209663e-12
  -1.6636553246129893e-12
  -2.8917562788777218e-12
  -1.8076720675885838e-12
  -1.3035111184889203e-12
   6.2634342157252831e-12
   6.0467186813184526e-12
   5.2793325266975444e-12
   4.1889824942131781e-12
   4.3534065241601638e-12
   2.5970336992031662e-12
   2.8241853300414732e-12
   2.0345947149280619e-12
  -1.5277779041866779e-12
  -2.9896640718618528e-12
  -2.0109747200791617e-12
  -2.0090040742104520e-12
   6.7821304128301563e-12
   6.6169292267659330e-12
   6.0982330296610598e-12
   5.5404569820893812e-12
   5.1159076974727213e-12
   4.8925863360693711e-12
   4.4204639948475233e-12
   3.7370107008882769e-12
   2.9896085607106215e-12
   2.5059954111839033e-12
   2.0192736371882347e-12
   1.6724399642953358e-12
   7.6250117331255751e-13
  -4.2232883856740955e-13
  -1.5960566202011250e-12
  -2.5390800573177330e-12
  -2.8078650515794834e-12
  -2.5439650386260837e-12
  -2.1462276400541214e-12
  -1.9103330028968912e-12
   6.8993699642305728e-12
   6.8229866201363620e-12
   6.2088112429137254e-12
   5.9152682752028340e-12
   5.5457860526075820e-12
   5.3033133440294478e-12
   4.7737369612832481e-12
   4.0845105075959509e-12
   3.4026115258711798e-12
   2.6467716907063732e-12
   2.0015100687942322e-12
   1.4717116414431075e-12
   4.8405723873656825e-13
  -8.2023277059306565e-13
  -1.7763568394002505e-12
  -2.6827429167042283e-12
  -3.0382363291892034e-12
  -3.1854519022544991e-12
  -2.7082780462706069e-12
  -2.3106239144254914e-12
   6.8407501885303645e-12
   6.9766414867444837e-12
   6.7190697450314474e-12
   6.5130123516610183e-12
   6.1568528053612681e-12
   5.7562843380765116e-12
   5.2731152777596435e-12
   4.5092818368175358e-12
   3.8511416278197430e-12
   3.0375701953744283e-12
   2.3416824035393802e-12
   1.4666046155298318e-12
   5.6887827781793021e-13
  -8.0180306838428805e-13
  -1.9477752744023746e-12
  -2.9547475577373916e-12
  -3.6879388431998450e-12
  -3.6178837703459976e-12
  -3.0375701953744283e-12
  -2.7678137559661309e-12
   7.2357675406919952e-12
   7.3971939684724930e-12
   7.2164496600635175e-12
   6.4837024638109142e-12
   5.9685589803848416e-12
   4.5041748109042601e-12
   2.8103630533848900e-12
   8.9095397726168812e-13
  -2.0673462941545040e-12
  -5.0353055058849350e-12
  -3.0881130985704885e-12
  -3.1119690158121216e-12
   7.7386985708471911e-12
   7.9691808707593736e-12
   8.0140338809542300e-12
   6.8842709310956707e-12
   6.7275074400185986e-12
   5.1010307089427442e-12
   2.8214097724799103e-12
   1.5983186996137988e-12
  -2.1374013670083514e-12
  -6.1084470814876113e-12
  -3.1638164310621164e-12
  -3.2485403256288237e-12
   9.3023366787292616e-12
   9.0780716277549800e-12
   8.5975671026972122e-12
   6.3875571498783756e-12
   7.4896200352725373e-12
   5.2158277696889854e-12
   2.6898483440618293e-12
   1.7221571391168311e-12
  -2.1318155574157061e-12
  -7.5351218320474089e-12
  -2.9093359665832708e-12
  -3.0077051960120116e-12
   9.4950713958041888e-12
   9.3136609535804382e-12
   8.7652107794156109e-12
   5.9260651941173137e-12
   7.7663708797359732e-12
   5.5405437182631800e-12
   2.5689294441688659e-12
   2.5140618753471955e-12
  -1.9657517801030533e-12
  -8.4543809670059589e-12
  -2.9011860188526972e-12
  -3.0097978146251259e-12
   9.2004182050686723e-12
   9.1082696940247843e-12
   9.0105700678577705e-12
   4.8396842089459824e-12
   7.5487290029929710e-12
   6.9669599950250571e-12
   1.6631943218492484e-12
   3.5503424202290579e-12
  -1.5421516602782959e-12
  -8.7346306674052770e-12
  -3.3323909088981210e-12
  -3.2200981993162590e-12
   9.0789598061746801e-12
   9.1002760882474831e-12
   9.2299501375237014e-12
   4.5639234579064603e-12
   7.2917787259652034e-12
   7.2688042650898010e-12
   1.3368130387381161e-12
   4.4565851727820967e-12
  -2.2437184488827144e-12
  -7.6692435903432873e-12
  -3.5590575007187430e-12
  -3.6347904226123173e-12
   8.9270812964059587e-12
   9.0301099930911732e-12
  -3.5002371913447008e-12
   8.8935664388500868e-12
   8.9094287503144187e-12
   8.7513329916077964e-12
   7.5494610562998332e-12
   6.6937289044943782e-12
   6.3112431947232039e-12
   6.2560833249958314e-12
   5.8253772899224954e-12
   4.8058646770271149e-12
   2.3099625841345602e-12
   2.7439833920144506e-13
  -1.2128738068671626e-12
  -3.0274364213336809e-12
  -4.0025634595234894e-12
  -4.1081202144356133e-12
  -4.4311587250164276e-12
  -4.4596313887369961e-12
  -4.3960618323580135e-12
  -3.9579324451431368e-12
  -3.5280577418915666e-12
   1.0000000000000880e+02
   1.0000000000000827e+02
   1.0000000000000784e+02
   1.0000000000000756e+02
   1.0000000000000739e+02
   1.0000000000000725e+02
   1.0000000000000497e+02
   1.0000000000000445e+02
   1.0000000000000585e+02
   1.0000000000000577e+02
   1.0000000000000662e+02
   1.0000000000000701e+02
   1.0000000000000787e+02
   1.0000000000000826e+02
   1.0000000000000834e+02
   1.0000000000000900e+02
   1.0000000000000922e+02
   1.0000000000000908e+02
   1.0000000000000684e+02
   1.0000000000000649e+02
   1.0000000000000652e+02
   1.0000000000000652e+02
   1.0000000000000649e+02
   1.0000000000000635e+02
   1.0000000000000720e+02
   1.0000000000000712e+02
   1.0000000000000772e+02
   1.0000000000000774e+02
   1.0000000000000738e+02
   1.0000000000000674e+02
   1.0000000000000651e+02
   1.0000000000000649e+02
   1.0000000000000618e+02
   1.0000000000000524e+02
   1.0000000000000449e+02
   1.0000000000000489e+02
   1.0000000000000625e+02
   1.0000000000000625e+02
   1.0000000000000604e+02
   1.0000000000000597e+02
   1.0000000000000560e+02
   1.0000000000000512e+02
   1.0000000000000723e+02
   1.0000000000000696e+02
   1.0000000000000617e+02
   1.0000000000000533e+02
   1.0000000000000480e+02
   1.0000000000000469e+02
   1.0000000000000647e+02
   1.0000000000000713e+02
   1.0000000000000755e+02
   1.0000000000000753e+02
   1.0000000000000726e+02
   1.0000000000000711e+02
   1.0000000000000395e+02
   1.0000000000000342e+02
   1.0000000000000274e+02
   1.0000000000000206e+02
   1.0000000000000131e+02
   1.0000000000000081e+02
   1.0000000000000121e+02
   1.0000000000000152e+02
   1.0000000000000253e+02
   1.0000000000000284e+02
   1.0000000000000220e+02
   1.0000000000000252e+02
   1.0000000000000475e+02
   1.0000000000000527e+02
   1.0000000000000520e+02
   1.0000000000000610e+02
   1.0000000000000712e+02
   1.0000000000000740e+02
   1.0000000000000007e+02
   9.9999999999999275e+01
   9.9999999999998550e+01
   9.9999999999997868e+01
   9.9999999999997257e+01
   9.9999999999996817e+01
   1.0000000000000472e+02
   1.0000000000000352e+02
   1.0000000000000311e+02
   1.0000000000000190e+02
   1.0000000000000136e+02
   1.0000000000000121e+02
   1.0000000000000257e+02
   1.0000000000000274e+02
   1.0000000000000246e+02
   1.0000000000000246e+02
   1.0000000000000146e+02
   1.0000000000000109e+02
   9.9999999999996476e+01
   9.9999999999996248e+01
   9.9999999999996149e+01
   9.9999999999995865e+01
   9.9999999999995708e+01
   9.9999999999995921e+01
   9.9999999999997826e+01
   9.9999999999998167e+01
   9.9999999999998124e+01
   9.9999999999997840e+01
   9.9999999999997456e+01
   9.9999999999997968e+01
   1.0000000000000125e+02
   1.0000000000000165e+02
   1.0000000000000179e+02
   1.0000000000000274e+02
   1.0000000000000364e+02
   1.0000000000000456e+02
   9.9999999999995524e+01
   9.9999999999995339e+01
   9.9999999999995367e+01
   9.9999999999995197e+01
   9.9999999999995197e+01
   9.9999999999995055e+01
   9.9999999999992795e+01
   9.9999999999991061e+01
   9.9999999999991303e+01
   9.9999999999991928e+01
   9.9999999999992951e+01
   9.9999999999994003e+01
   9.9999999999997726e+01
   9.9999999999997684e+01
   9.9999999999997897e+01
   9.9999999999997797e+01
   9.9999999999998224e+01
   9.9999999999997740e+01
   9.9999999999995296e+01
   9.9999999999995552e+01
   9.9999999999995524e+01
   9.9999999999995737e+01
   9.9999999999995850e+01
   9.9999999999996120e+01
   9.9999999999996319e+01
   9.9999999999996575e+01
   9.9999999999997087e+01
   9.9999999999997371e+01
   9.9999999999996959e+01
   9.9999999999996746e+01
   9.9999999999993761e+01
   9.9999999999992824e+01
   9.9999999999991743e+01
   9.9999999999991061e+01
   9.9999999999991161e+01
   9.9999999999992511e+01
  -9.9999999999996703e+01
  -9.9999999999997016e+01
  -9.9999999999997144e+01
  -9.9999999999997158e+01
  -9.9999999999997115e+01
  -9.9999999999996874e+01
  -1.0000000000000135e+02
  -9.9999999999999844e+01
  -9.9999999999999204e+01
  -9.9999999999998010e+01
  -9.9999999999997485e+01
  -9.9999999999996604e+01
  -9.9999999999995168e+01
  -9.9999999999995239e+01
  -9.9999999999995580e+01
  -9.9999999999995765e+01
  -9.9999999999996248e+01
  -9.9999999999996547e+01
  -9.9999999999996902e+01
  -9.9999999999996817e+01
  -9.9999999999996732e+01
  -9.9999999999996618e+01
  -9.9999999999996589e+01
  -9.9999999999996461e+01
  -9.9999999999996689e+01
  -9.9999999999996078e+01
  -9.9999999999995453e+01
  -9.9999999999995751e+01
  -9.9999999999995737e+01
  -9.9999999999995609e+01
  -9.9999999999996760e+01
  -9.9999999999997272e+01
  -9.9999999999998153e+01
  -9.9999999999999105e+01
  -9.9999999999999986e+01
  -1.0000000000000132e+02
  -9.9999999999996760e+01
  -9.9999999999997030e+01
  -9.9999999999997058e+01
  -9.9999999999997073e+01
  -9.9999999999997016e+01
  -9.9999999999996874e+01
  -1.0000000000000125e+02
  -9.9999999999999844e+01
  -9.9999999999999176e+01
  -9.9999999999998820e+01
  -9.9999999999997854e+01
  -9.9999999999997499e+01
  -9.9999999999995552e+01
  -9.9999999999995609e+01
  -9.9999999999995353e+01
  -9.9999999999995680e+01
  -9.9999999999996149e+01
  -9.9999999999996788e+01
  -9.9999999999996817e+01
  -9.9999999999996831e+01
  -9.9999999999996760e+01
  -9.9999999999996547e+01
  -9.9999999999996362e+01
  -9.9999999999996248e+01
  -9.9999999999996447e+01
  -9.9999999999996120e+01
  -9.9999999999996092e+01
  -9.9999999999995566e+01
  -9.9999999999995666e+01
  -9.9999999999996248e+01
  -9.9999999999997712e+01
  -9.9999999999998025e+01
  -9.9999999999998650e+01
  -9.9999999999999517e+01
  -9.9999999999999886e+01
  -1.0000000000000119e+02
  -9.9999999999995836e+01
  -9.9999999999995623e+01
  -9.9999999999995524e+01
  -9.9999999999995481e+01
  -9.9999999999995254e+01
  -9.9999999999995140e+01
  -9.9999999999993236e+01
  -9.9999999999994003e+01
  -9.9999999999994870e+01
  -9.9999999999995609e+01
  -9.9999999999996291e+01
  -9.9999999999996888e+01
  -9.9999999999996248e+01
  -9.9999999999995708e+01
  -9.9999999999995723e+01
  -9.9999999999996021e+01
  -9.9999999999996106e+01
  -9.9999999999996376e+01
  -9.9999999999995140e+01
  -9.9999999999995296e+01
  -9.9999999999995183e+01
  -9.9999999999995154e+01
  -9.9999999999995254e+01
  -9.9999999999995154e+01
  -9.9999999999997641e+01
  -1.0000000000000021e+02
  -1.0000000000000122e+02
  -1.0000000000000179e+02
  -1.0000000000000169e+02
  -1.0000000000000142e+02
  -9.9999999999997016e+01
  -9.9999999999996277e+01
  -9.9999999999995637e+01
  -9.9999999999994884e+01
  -9.9999999999994145e+01
  -9.9999999999993122e+01
  -9.9999999999994998e+01
  -9.9999999999994628e+01
  -9.9999999999994500e+01
  -9.9999999999994600e+01
  -9.9999999999994543e+01
  -9.9999999999994841e+01
  -9.9999999999999858e+01
  -1.0000000000000217e+02
  -1.0000000000000242e+02
  -1.0000000000000253e+02
  -1.0000000000000259e+02
  -1.0000000000000306e+02
  -1.0000000000000146e+02
  -1.0000000000000175e+02
  -1.0000000000000155e+02
  -1.0000000000000138e+02
  -1.0000000000000030e+02
  -9.9999999999997755e+01
  -9.9999999999994458e+01
  -9.9999999999993975e+01
  -9.9999999999993634e+01
  -9.9999999999994088e+01
  -9.9999999999994429e+01
  -9.9999999999994785e+01
  -9.9999999999996191e+01
  -9.9999999999997229e+01
  -9.9999999999998693e+01
  -9.9999999999999957e+01
  -1.0000000000000131e+02
  -1.0000000000000169e+02
  -1.0000000000000296e+02
  -1.0000000000000257e+02
  -1.0000000000000249e+02
  -1.0000000000000267e+02
  -1.0000000000000195e+02
  -1.0000000000000028e+02
